1 A 0
12122212121212222222221222211112222111222222222221122222222112222221212212222111212122211221211222122222122221111222121112221222211222221221222122222222222211222211122212222222212221222221212112211112
2 A 0
11111101110002112112202202202102000011220222111120122112212021022201111022122011222021101222211222101211202221220212221011110111020201121222122121121220221210222010221111222111122111020212201002122102
3 A 0
20201111222012201112201122111102001110120222222121122212201111022222102202121210121011210221202122122221222221221222222201210111200221210221122221222221021211212012121101222121022112121022202002022112
4 A 0
01200101100012102002212212212102001100221221222221122112212122022210101022022012112021200221110222111221102220220222122001110121020201121221122121120221121200222011121111221010122101020112201002211102
5 A 0
12122210200102102122201212212102020111211221111120121202002101022210111122122001222122212221221120111221212122220222222112121211120201212222122222122210221210212010221222220101022222020210212002121211
6 A 0
10222102121022222122221202212002221112221222222221222222022120022202121122121121202122210220212122122212102220201212122222122012221222222121122222222212222220222212220222221111122201222222221011221222
7 A 0
02221221200112102222211222211012120111221222121120021202012101122210211122222111222022211221211121112222112121121222122112120111120211211122122121122220222200222120121222221100112222120121112002221101
8 A 0
10221121121002202112221202210012011211211222212122022212102220012221021112011220222112212221201222011211222121021222212111210211120211120222022122222221112220221111222221221210112122221112111021121111
9 A 0
21122111211002102212212212221112020211220221101121121202002110012221112222011111222022202222210121111220212022121222212121121200020201221222022222222220212210211100222221220200112122121211111011121111
10 A 0
01222201211102202122212122201002122210221212211121022122212211022210222002221020112221111220210021022221122221120222222112221022211210122221222222122222112221222011020221221122122222121112212022022101
11 A 0
00211200201022212012211122111102101000221211121111122222212220122212201111222001122020102221111022121222122221210222212100221111101210111021022221122210121210212111021222221112102112122122221102112102
12 A 0
11222112112122222112222212222112221122221212122121122222022221022202011222122121112222211220212122222212212220102212122222122012122222121122122222222212222221222202220222221212222212222222221021221221
13 A 0
01222202211202212122200202210002122212220222022121022112112210222211222202120201221021202221211121021222201221220222222211221221110210220120122222222201221221221021021222222122102221121212202012122202
14 A 0
00212202120002212112211212211012102100122212222111022222122120222202112122121011022121101220201122122222112221220222212111221212201210020020022120022210221220222100020222220211112222222122111112002201
15 A 0
00212201211112202122210212200102101000222222222121022222122220122201112012222001112020112220102022122222122222210222222201221212201210121120022120022210222210222100121222221222101222221122212112111211
16 A 0
00212201201002212012220122201002111010220222212121122102002121222221122212222101122120202220112020121222122221210222112001221022212211121121022121122220112220222011220221221211002122121122201011221101
17 A 0
10212112102022212122221212222012210121221212111110022222122221022202000122022120222122121220222222211212212220012212121221112112221222222021222221222221122210222111220212220212222122122222211021222110
18 A 0
11211100120112212122201212200112201211220222121121122212112121022221111112021121122021201221202022020212221121111222221002210020211221110022122121122220212221211110121222221221012222221122221012122112
19 A 0
10221200220002102022201112121102121101220222210121222212102020122211102212121211021022102220201020120221102211211222221000221011211211110221111221122220121221211122020212221120122102221112211000122102
20 A 0
10221102221022212112221202211012211211222222122221122222022121022201122122121122202122211220202122122212102120211222121122122122221222222221122222221212222210222111120222221121112201222222222012211122
21 A 0
01222202110002112022201212111122121210121222221021122222012110122212121222221120122122201120202121022222112221110222212012221212221220021121022221122220222220222111020211221201212122221212010112102202
22 A 0
01212202120102212212201212100112212200221222021112122222102222122221210111021101222121202221221222121222122220211222222112220120000221102121022022122210121222222101122222221212102121021222122012122102
23 A 0
11212202122102212112210212200002011110121222222011122122211201122221112202122210022022201222212122122221211220210222222210221120200220211120222221222221121211212101221201222122112021222122212002022012
24 A 0
10201101110012202022202212200112101111220222121211122122212122022211112012021020122111202222211022121211221221210212220002210020110220101021022022022220121221212001120121221221022112121222221012222012
25 A 0
01222201112212212222220212210112011111221222122121022122012211122212221102221100122121112221211121122222121222201222222212221112100211120120122121122200222221222211122212221222101122122112222202212102
26 A 0
00212202220012212112201212100112202200220221121101222222112222022221211021020111122121202121220122020222111220210222211001220020000220111121122122122210120211212112121222220211112112021212122012222102
27 A 0
00212201110002212112201212201002112100121212211111012212112220122201122222221111121022211220201022121222012221220222212111221212210211120121122210122200121220222111120222221111112212221022210222011202
28 A 0
01221211211112212112211212100122111100221222121021022202012220022221110222121221222122201221201121021222221120022222212112220111121221121122122221222220112210221220122222221211102222221122122021022112
29 A 0
01222202210002112112201212101112022221220222211121122122112211022222121222122210122021201221212120122222112120101212121012221121221220021121022122222211212211222011121221221201202122121112111112112102
30 A 0
01222202110002222102210202201102012110121212222120122222012121122212212222022111022121202220201121022222222220110222211112221222210220021021022221122210221221222000120221220201212122222212112002002101
31 B 0
21001212211100010210100102011020111020110201011120210112221211202221011020222112112010121220111111202212211211012011020211112110010111111020101212122101222021002212102002211011101102111121121220121222
32 B 0
11101211121122111212120202011112022001100001001101101112110100201102112222221111102111212112012021211201110012012020022001122210110110012121221221021022000212101210111002122210102121021100112220111022
33 B 0
11002211212202000211110012120022111112100101011121200012120202211212011121221001211010012211100210211202120122112010120001122200011120211220211112022121111001100210211012112222102121100001011122212221
34 B 0
11000202122102120100120212101011202121111001110121111012110110102112001022211001102011112212011121202202221112022021022011110210000100102210122111221012001012201211212011002201110110110101011121122121
35 B 0
12100211120121011210201212021011221120000100001220001002120221100111101121111111212011022212111122201201110121011221222001121120121210002120201220012012111002211121202001011221112111112201120221011122
36 B 0
00002202210222020211010012010011021010201001011211211102010101211112002222222002201201012201101212202202020101002020011002121010010110010111222011112121121021010201212001011110222121001011012220012122
37 B 0
00002202212212001211210012020022212012000001010120211012120102212222002221221002200011102202010200201202220022012010120011122100020220211220212111022122012102100201201002122122112221110001012222222221
38 B 0
01002202111222101112210112021012212110111000011222111011020201211112011021221011221111211212012111201201110102002000220000021111100110001221212011122212011012000102221001001211111211211100001222222221
39 B 0
00001211101122111211100012010011112011201001011110122111120200201122111222211112200110011110201211212202110101112011111111122110111120011111112111212211111122110201201001011120112122011111012220122021
40 B 0
22001212221020112211200212021011121120100101001221001002020221100001102122121121122011022222221212201201110120000220122002021020022220002220211221012012221002101120212001021221112111211102220221010021
41 B 0
20002212020121101202210122011011120100101002011111101002020211210202111221210010112212102211212112201202120121001210122000020110001020022211212212002021110122000221212001011210112112012112002221221020
42 B 0
22001201121212110200121112000010101101021101000110111002011111102000101022211022221012212212200211212102121100002012022111120110210120101210222222122212212002102101110011021211112111000221021112021121
43 B 0
21011121021112012110111222011011212021101012121121211011101110112212212121121012122112112211211122112100110012111001011020122111000010210221111121111201112101201221212011120100102120211110011120122210
44 B 0
11002202020221121101210112021012012200101002001222101011120120020112022121211012102111011222112001202201220122002010022111120110100100021222212112012221022021102112212012011110012010210100002122202221
45 B 0
12002200110221010111210122011000112221121001011222111000120100110112022022212001102122201222120011202202120112001001120001122220100100100222210012020112022012201212222000021000221010211012002121122120
46 B 0
21101202121111111201210212020011221010100101011211101002020221200101102121221021112111012212112112201202110011011210122001121010111110012221212221012022110012110120212001022210202211101102111221111021
47 B 0
00101111121212011201200022111011222010111011111121211112102110112221111221110111221011121210120112211211220012012111011010221200010210110111210221012002111102001210211001011101112020111220121122022221
48 B 0
22000211021001200211220112001011211110112102111012212112211100212212002012221112210121111211101212211202120211112011012221122120210220112200211201122222212102202211221001202000112220101110011101112022
49 B 0
01100221211212120212210022010021211120221100122121211012001110012222111120212011211021112212210121211112221112112011021020120100011100111222221212112112111112100200011001001201122121100101111022222221
50 B 0
22000211111212120111121212101010111210111000000120011001210021102102111021211111211001112222010120102202221011012022122000111201010000002220112221121012011002202211202011011212211010110110021122211020
51 B 0
00001211111112111221210022010011202120210001121120211011010101112212011121211000201022102201211110202102220102122120021010121110010110112121212101222122111112101211112001011111211122210112002111222221
52 B 0
02002212020211111101210112021011111100101001001212111011020110110112021122222022112112101222011111202201110111011011121001121121100100010222212012011211021011101102222001011100111110201101002122112121
53 B 0
11001101122211021100111122110010211101111121000221121002211120112212212121110012222002111221110221111202121012002122012010210200110100101221211222012102210002101200201010010111112020000220021122022120
54 B 0
12001122212112111201210112012021211110010212011022210012122201202222002121221002101011111211121221202212020122102010012211122220120120111122211012012111122122100121211000212010112021011120102211212012
55 B 0
10201122120102100201210022020011211120112000011121211112001100112221121121111101111012011211211212202202220011112110021010120110010220011221211112121002212112101220212001011100111120101111012121112222
56 B 0
01001212000122010211210022011001101210111002111120112010010001202212021120200111202021212212222121202102220002011121021110112011100010002221212202221012121002001212112001021100121122201002002021122220
57 B 0
22001211122221021210200112021000220110201102120220102002020121200102102122110121111012121222021022202202110122012111122000122110110120102211222221022012121002201120202002012111112111111201220222200020
58 B 0
11101212121122110211110112010011111111201001011201200112010111211202112122222012102212102111001212202202120101012120122001121110110110011111212111021112110021000111222002122210111120101011002121111121
59 B 0
01102111111211021200221121010011101110002002002120102000110100102202012121212120112022111211020022202202210002012010020111212212000100011222211211111201012101101211111001011000111020212111112122122221
60 B 0
11001211111211020201210012020012111120111002011221110012021202101111022121212021121011222212121212211201020022011021022011120100001110111221221222012012011112210201201011001210112110201101020211122121
61 C 0
11012210122012001111211011002011102111201002011110200011011211102221202111120021111110101110220111122111220110022012111001222211000110222221110102112111100222101221211001101100201110220021101110111122
62 C 0
01121201201101222211122222011000111002100102120011101011110000122211101110011020022101021220020110102201011020012012001110111220011010101021121012201001121012101222002000000211200022001111201200122120
63 C 0
10212211011211211110102222102011102002000002100011000021010122222220010211210122101110110221221211012102112012002011001000210211121021210012211112111101112002100022211001022110110210110110021220002001
64 C 0
02021202121011111121212022011021001101101002010121101001121011202121101211121012221120021212121001011212210011022111101101212101101020210221122001211021212012212022211010100100211120221211111211112111
65 C 0
01120212010102001021202022011000001002111001010120001001100101120221101111111021120111022221121012102211120021022112001201211110011110201121222102211111122102211111112010002202220020112212101201112112
66 C 0
11112210212001101020120121101001112112100002110211111010111100111211201121011120112210111121120022122110220100122001010001222211010010211212121101222001011112001120111002100100211210221111111121120122
67 C 0
22102210102002111211120022111001122002110001120021201020111100122212200211101220112110212220001122102201120010022002011111221121020010202112120101212001221222101011122021002001202220100120101210122221
68 C 0
01111201212201020111111122211010101122000002000112000000110012222211101120001021221101021220221120202121121102011011112010121111110020010121012201221101011112202210021011211101210220001210211110201011
69 C 0
01101211221112001122121122120111112100010101111021001011010112201220101221211220211120211220110221102212121111022001101001221111011211202110110001212112211202202220221001001110200010200222010220222101
70 C 0
02000211011101110220101112001010012011010001020111001000100010111221012112121021222020021222222011100211020121012102011210112210022010200011221102121002112102221121111000011202220110110210012211222121
71 C 0
11011201121022002202221121012011102001101002021100200020011112112222201022110121011010111221211110112102120011012012001111212210000110212221111002211111211111100221220002001100202121211011201110111011
72 C 0
01120212020102021120101122102010102011101001000011001000000021111220001222101121211000022221122111101011010121022111001201211211101120111111122212210002122202112021211011122200220120001210000210112001
73 C 0
02112202100011101110011222011010012102100002120000111001101200211222202111212021121011112211121120102201200001222002011210111010011020210021121012212021121112200121102001001111210122001111201211112111
74 C 0
00121201100002111022211122021000110002111000010021001001100011011220201121112121221011122220012111102121020111012102012210221111021020201221122102201102021102101112122000111202210111112222102210021101
75 C 0
12021211222002012002122222011000220001010002010122011020000001220122102112010221221102012221100210112211120021022012112011222110011020101111021201021211121112002120221011102100212210201111011121022110
76 C 0
11112221121112112121112112011121102011100011102011110021011122212221100121210120201120111211110210011201222102011011100101222111020111212011011102122102211112211221211000102111200110211211011210112112
77 C 0
01112210111212021211011022011001020110200102010112011010200000212202102212011020221121212221011022112022220121122011000000222121011120001111221012112110110211210220221000101200211110212111110221221111
78 C 0
22202210101111111120221122110001112002210001210021111020210100112202200211101220102210201220011122002110220020122002011001222220020100102111010101212000220222002020212011002101201220201020001210021221
79 C 0
11121102110111221200110112022000012112110002010121000111000011112111211122110021212022022221102121012212120121012002002101121211100120110211112212221211102101202021121001010101222020202221020120222012
80 C 0
12111222100101210111112222110000102101210111021011000002001100112211100110002121212121122220021222212200120000122002002100221121111110211201111111201111222202110121101010101111202010202010202201011021
81 C 0
00111202210101111211120122011000022200110002010121101000100221221210101211111120222021121221011221222022120021012021002110121101112120201221211111212021122011201110222001111211220011211211100111112111
82 C 0
12012202000101012120110022010000111111000001010121101111000111112220102221111121112021212221120220012101020121022002002111220221001120110211212101222121112112102121221021010210221120211221000120112110
83 C 0
02121211211001121210112122101000011001110102021021001011000101112210201121001221211111112221010221112110220110222002002010121121012010202211101011210111222201101021111021101111202000102011201211022120
84 C 0
02011202221102122121210202012000002001011002010120101000000022101222212222211021210021021221211212001112100011022101002110212210110020211212022202221002202011201122210012011100220011100111200121121012
85 C 0
11102211112111021210112112110001111011100102110122021020100010212212201212010121212211102221001121002121220111122002111010222221021110101210111111122110220211101120221001102101201110211021011211121120
86 C 0
21122211121112111121112111001020102001101001111101111011020212212121201211210111121210111110120121121110221110022012100111221211010020211210011101212212111112101220211011001001202110110010010210111211
87 C 0
11011201212211120020210122211000111111000002000122000000100012212212201121112021222002122220110121202111022201012020112010221110020020101221012100211012001012102211121011111211211110000100121110210021
88 C 0
20111210011111111111112112011121002001100002101111100021011111212210111110210022000120110211220210012102221102012021102000221211121021201111111112111102221012201121211000112211101200110111012210112112
89 C 0
11001202110002111121120122110000122101010101020020102001000111211221202221202120121010122221011221112112020020022011002001121111101120201110101101212012221102202111222012001211210121210222100120222111
90 C 0
12111212100101111110112112020000012102210101110010000002110100221212201210002121121111111210020121102201111011122012011100220120001100101111121002212111121112210111102010001211211121102101202210112121
91 D 0
21000020101011201012210202102020020001211010000002111121000212222200101122210201020201110021211222210022200000022002212010021220222112100111221202222200102010000100201220122010101212210112001022202220
92 D 0
10010210110201210012202212112120010101222000000222111001002212121200110222102212010201110021221212221121100001022002212000020222022112000121122001210101102020000001212201122000101202201002002022102120
93 D 0
10010220111211201002122102202120020001211010000122021111020222222200100122112112020001110020011212222222200000022022202110022020122212100210211000122111202110001011201210222000101202210122002012202220
94 D 0
10020020011200200012212212112120010101222020000012110110012222102200100122111101020112010021121222122022200001022011202110011111222112000211122202221002102120000010212211222010001212200022001022201220
95 D 0
10000210020211212012001211012120020102211010001202212002011212120201001222201002020202221022022222212020010001022011212000021121222222200200122102220200102010200011211212222000100202200021002012101220
96 D 0
11000220110100201002112202102221010000212010000012011000020202211201001122202202020202000022122222120121200000022021202020020020222102100210212001212200202220200012220211222000000202201010001022002120
97 D 0
10020110110200201002201202102120000100222010000212010011011212122200110222002112110202121021222202211122210001022002202000021222022022100120121002201001002020001002212201122000001212101101001022202120
98 D 0
21010020110200201012202201202220000001211020000202010011010211122200101122001012120202222022122212212121200002022002202010110122121112200120121001211101002020001002202211122000001202200201002022102120
99 D 0
10010120120101211012210211102020010101221020000112101002001202211200101122210112020101220022122222222001000001022000112010021221122002001101022202221111102020100011212200122000101212200022002012102220
100 D 0
00000200120201211022201202002111010002212000010212102011002202122201011122102012010101221022222222211021200001022011112000020110121112101211122002220110102010000010221211222000100202201022002022102120
101 D 0
10010120210110201002210202112121020001220010010012021212001222222200101222221202020101210021112222211122200001022002202110022221122112100120221101221200102010000111212220022010101212110102002022202220
102 D 0
11000210121101211012212212102020010101211010010112102002001202220201101222102202011202121022121222220021120001022011222000021121222112100111112002220210202010100001211211222000100202200011001012102220
103 D 0
11010210021101212022222212002020010100212000010022002012002202111201101122001112010101221022011222211020010011022012112100111122122202201211112002221201102000000012221200122000101202201010002012102210
104 D 0
10010110012211210002101212112121020200212010000012111020012212211201001122112001020202121021022222222021110002022012202110020111122212101102222102220101102010000011201211222000102212200021000022101120
105 D 0
00000220120102221002101211102020010202211010010112102001002202110201002222201102010102221022122222222010110000022001222000021120222122101110022102220200202020100001211211222000101202200022001012001120
106 D 0
00000200111112121002010201102121020100212010010112012010012202211202001222102002020101221022021222221020110001022012212020120022121122102002222102211210102100100012211221122000101202200120001022101120
107 D 0
10020120121100200002200202212120020000211020000012111111002212211200202122211101020101120020112212201122100000022002102120011122222012101211222102122100102120000010212220122010101222200112001022201220
108 D 0
00010020011201201002121212112020020000212020000112020120000212112200200022122102020102210021011222121021200002022021202210021121122222200220221101212122202000000100212210222020101212210122002022101220
109 D 0
01010210120101212012212202212121020101212010000122001010012202111201001222102002120101121021120222210211010001022000212000020121122012200111222202222100102110100001212201222000102202201112000022102120
110 D 0
20020020011200201012211212102120020100211020000012101020012212201201201122211001020102020021122212211022100000022002102020010022122102001112122202122011202110001021211220222000102212200012001012201220
111 D 0
11020020120100212012212222112120020002212010000102101120001212221201201222221200010101110022220222220221200000022002222110010222122012100020222101222101002120000011212220222000002212200011001012202220
112 D 0
20020210110210202012202202202010020102212020000222110111011211122100100222102102010001111021120222112011200000022011202110021221121112100210021000121220102000001110212221022010201212210101002022002210
113 D 0
10020110011200210012201222102220010100211010000122101010002212111200210122111112010201010022122212211121200000022002202010020122022212000022022102221000202120001011202211122000201202201002002022101120
114 D 0
10010210111201111012010201202112020000211020020012002001011202211202100222002001020100220022121222221021010001022012212020020022121212201001222001221210002010000001210221122010102212101010002012002220
115 D 0
20001210121210202022110202122220020102221001001202211001011212021201101122102002020202120022122222211020010002022012202000020022222212200200222101221210102000100020222221222010100202100110002012202220
116 D 0
10010020020100211012211112012010010100211010010112011010001202102201201122112001020102120022222222221021200001022021212120020121022112201120222100122101202010000011212220222000002212200012002022202220
117 D 0
10000220121210202012011102112120020101220010001212112101010222122200100122102112020101220021022212211121100001022022202110021021222202200200212001122211202110101011212210222000101202100011002012202210
118 D 0
11010010011101211012121212012120010001212010000002201111001212111201201122211201020102121022120222221122100000022012212010010221222002100111222202221101102120000010201220222010001212200021000012202220
119 D 0
21010220211111201002212202202220020000212010000022010001020212222201100122202212020102100021021222221221200000022022202010021020222102200210202001112101202220100012211211222000100202211021002012102220
120 D 0
10020120020100202022121202112121020102222000010112111011011212102200011022120012001101211022012222212002000012022011212120110021022212202201122001221001102000000012222201122000201202100111002022202220
121 E 0
22201221112021200220220021011001122012210201220112202010222110002210010220000202200100221020012021022110220101222102222001112210120210202021111100012101121111001012202011202010001000222010102212022222
122 E 0
22212221112011210100201020121010122102211102120021212011200110201201200210200212202100210021021121222121220202222002221100222220020100222011111100112100020212000002202010201000100001202000102212022122
123 E 0
22211220021021211210100021101021122002211102220012211021112001102211100210101212102000210121021122221120220202222002211000222220020200212011211101102001111112001012202011102000101001202010202212021122
124 E 0
22210220112102200210211120122000222212201002201110211001202200002220000121101101101110220020002022222210220102222102120200012220121200201102211120112100021211002001201002112020000100212000202212021222
125 E 0
22210221021002201011220020101101212212120200221012212000110100002200000120001101001210221021022122112220220102212102120210122220020200202201020110122002020212002111201002211000110100212020201212021212
126 E 0
22211220011110200100200020010010022002201002221011212010021100001210100210100211002100220021012021121220220212222102122000222220120210212120100111102000022222000011202002102010001102202010201212022222
127 E 0
22211221111002201011220120112101122112110101212022212000121110012210000220101001002120121020012022222210220102212102221210122220010200202102010120022001020222002011201001111010010000212010201202020222
128 E 0
22212221111011201011210021110001212102210101120020212000111110001210010110111201101210211020022121112120220112222202120111222220121000212201021210212001121222002021202002201000000100222020201212022222
129 E 0
22211220021020201200111122101020122102212102120012211011122010002221100210201202202000210120021022222220220101222002222000212220020200112020212101212000000112001012202010102000201001202000202222021122
130 E 0
22211221221002202120101021101011212022112102212021222001000210102220110211011101112000220020012012212210220101222102021101012220110200211012211110102110022221001011202100212010100200212010102222022222
131 E 0
22201221021020201000211222201000222201000002220011201000202210002220000220101202211101210022022121122210220201222002202000202220220000112110110000011100010202002012202001201000100101202010101221222222
132 E 0
22201221121012200120210121100101202122121101222011211011110210102210110120011211100220221020021122112220220111222102221211022220120101121111020110222001121212002010202102110000000000212010200112022212
133 E 0
22212222012010200210121021010010212012220102220101212020212120002211010200002222102220221022022220222221220200221102220200122220120001122010120010222100020202000022202001111000200002212020101212021222
134 E 0
22201222221002201020210021100101202122220201222001211012210100102200010020011210201210222020022122112220220101222202220211122220220202221210020110222001120222002111201102120000000000202010200102022212
135 E 0
22200221112012200120210020111100222122111101211011221001121100102210000221000101101200220020011022122210220112222202121100022220120200212212010010122001021222002112201001102010000101222010201212022222
136 E 0
22221220112001210220211022111012222111002102211010202010222010201210200220002100202000210120001012212110220012222202121101012220220220221012212210101110022112001001202001201010200102102010002221022222
137 E 0
22200221101011201020200022202000222022201102112011201001011200002210100220101211201111110020022222112120120202222002211101112210110100212101120210120001021212002001202001112000000100212010101202022222
138 E 0
22211221122002200210221020221101222222100002212111222000112200002210100211101200101100220021011022222120220012222202120200112220121200202212111110212110022212002101200002202110000101212010102212022222
139 E 0
22200220111002100110221021111101222021212102212011210001111200002220000220111201211110220020022122122120120212222002221100112200011100212111011110211000021201002010202100221000100001222020100212022122
140 E 0
22212220102010201101210121120000122002200002121021202001221110001211010110112101102200200020022020122120220202222102021000212220121110212101022100202010021212001012201001102000000101212020102212021222
141 E 0
22210220012002201020120021201102212122101001122022201011221200002200100220102201201220121120011222012120220100122102221201112120010010202211021210111001020202102010212002210010000100212110001112022212
142 E 0
22211220111120202010200122211000122112100102121120201001112210002210100220111211211011210021022122212210120201222102212000212220121100212100121100011100021202001002202002102010000201202010002211122222
143 E 0
22211221021111200110200120011000212112111001221111211010120110101211110110012112101210220020022121112220220101222002121100112220220110122110120110212011020222001011201001101000100000202010201112021222
144 E 0
22211220012112210110210021110011112111101201121011222011201100102200100200101201002100220021011022222120220102222102122110222210020200212101111000122002020212001011202011102000001202212000201211022122
145 E 0
22212221112000200100111121010001122102210102220122212000211110101202100110101112202210210021022221222211220201211102221200222220120110222101020010112100021212001012202000101010200001202010002212021222
146 E 0
22200220110002202110210020000011212012222101222012221011121110002210100120001001001100220021012122122210220102222102120200122210021100201101120010112100021222002011201101201000100201202020102211022222
147 E 0
22211220221110101010210012110000122011210102221211211000111200102220100220100201202010200021022122212210220211211102212000212220121210222111111010011100021202001012202001002010100100212010002212022222
148 E 0
22211220111111201020200021121100222112210102121020212002121110102210000220001110101110210021011022122210220102222102122000112220020200222101020100111101021212002002202001002000000200212020102201022222
149 E 0
22210220112001211120220022100112222112001001112011202000222110101200200220102201201110210120001112112010220001222102222101122120110110212102122210201000021202002011212002211010100101212110001222022212
150 E 0
22201220011011200211111021212011222011101202121011211020011111202211200210000202202000220121022122222120220212212002212000222210120100222011202000012000011102001011202010111010200102202010101202022122
151 F 0
20000001102212001110200101111212201120100200001210221021222212122202212002000010012002002201212101202100000022202001022211111000212212211020011011012211010001222120221010101202210120220221222101002002
152 F 0
20002000001202002010200201200122201110000200001220212012222101021202202011012020002002102200212100211210002012211012222212211000122111122120002021002212011012222120220020112002020020220221112200002101
153 F 0
20000011202202001110200100111222211210101200001210221112222101122201202002001020002112002211202201212200001012110010122211221000112211222021012112001101002012222220210121112102101020220222102100102102
154 F 0
20000000101002000121210210110211221220200200002210220022222201222212202112001010001012002201212101211110000112220020022102121000112202121022002111101211002012221220110220001102111020021222212001102101
155 F 0
20000010001102002021200101200212101220200200002221221021222120121202202112002020010022002212212200221200001002220000222112221001202202221021011110000210102002222220220020112122120020120222212100102201
156 F 0
20000010001102012010200111101222121220200200001211212121222201122202212001000020012002002100202100202201001012102020022221111010002201222121021111012211111022222220220210010202121120021222202101102001
157 F 0
20001011000102012110200111201212201110100200001221211021222100122202202100000020021112101201212201212221001112212010222111211000112111120121012011111210001022222220211110002102011020120221122100102201
158 F 0
10001010110102011110200100210222212120100200001200212120222112122212202001001020011102001212222101211201001102211021222222211000102001121012012022002101102021222220220011101212211020120222212200202101
159 F 0
20001010201102001011200110100222202210110200001201202011222101021212212112002021102012102210212200221100000012121021122222221000122202122120012120001211001012220220120010102102020020120221212100002201
160 F 0
20000010101102012221200101010120211201100200001211222022222210121212212001001020012112001211202101211110001022220010122122212001212201222021012121111202111012222120220020021222220020120222212000002201
161 F 0
20000010101112001110200200110212210210100200001210221122222102222201202102001020002012002211212101212100001002121011122102222000002101222022012112000201002012222220100111111002101020120222212001202202
162 F 0
20002020010102001000200101101222202120200200001210211010222101122202202001000020021102002202212201212211000112212011222212210000212001210011012112002102012021222220210000001202111020120221122201102001
163 F 0
20000000000102011120200200100211211210210200002210222021222210121212202111002020001012001211212200220210001012121010122122222011112102122021012111001201102002221220220010111222120020221222202100002200
164 F 0
20000001101112011110200202110202211220210200001210221020222211122202212011001020001002002212212100211200000022112001122221122011122112112021011121002201001002222120220000201212220020220222212100002101
165 F 0
20000002101202002200200200112121211120100200001211221012222202222202212002000011022102102211202200212011001112211021222101212100202122112022011000101210010012222220110011010202221020120222212002002001
166 F 0
20001000100002012111200100211221112210100200002200222121222211121112202002012020000012001221221100221200002002121021122122221010012102122022001021002210101012222120120111112122220020120222202100102101
167 F 0
20000010000002002110200210110212201120210200100201212111222210222202202000002020002012101200212200221220001112121010222222120011212012111021012011102200000022222220221010112202121010120221212101102100
168 F 0
20002001111202002011200201101122201110000200000220222011222200122202202102001020002102201201212100202210001112202002222201220000122121221020002022002102010022222120210020022102010020220221022100002102
169 F 0
20000000211101011202200211010100201221200200000221212011222001022202212101001011010002001200212101211220000022120010022212112000112201122021012121211201000012221220220020011202120020221222212110002100
170 F 0
20000010101102001112200100021211210221200200001221221022222101122212212102002010011002102201222100212010000012111021022102211000112212122022002011111222012012221120210120011202211020120222212101002200
171 F 0
20000010100102011110200100100222202210100200001210211022222222122112202002011010000012002212221100211210002012221020222111122000102112211022001020001210000021222220210111102112220020020222212000002001
172 F 0
20002010100212002021200201220212212120100200011212211021222111221202222011010021011012102221211200220200002002211012222112221000022202021121012010001201001012222220120010111102110020120222212100102101
173 F 0
20000001102222002110200010101222201120201200001221221122222101122202212102000020002102102211211101212101002022200100122212210100222212002021022021001100001001222220121010101202111120110221112101002000
174 F 0
20000011001102001100200201210212202220100200002210210121222112222202202002000010012002001212211200212110001022212001122200111100202102112021011111011211010011221220121010002202220120120222222001002101
175 F 0
20000010111012001111210210000222112120210200001220211012222201222212212012001020011002002201202001212100001122210110122202220000212201222022012121001211112122221120110120002112120020021222222100002202
176 F 0
20000011100112002110200111210212202010201200101211211222222200222202202002000020022112101200201102211221002012202001222222210100122101012122001010111211101012222120121010111202111010120221111101202000
177 F 0
20000011011212002000200200101212201220000200002220210211222101222202212002000010002102000201211200222000000022211100222201110100212212122021012011011101011011221220122020102202110120120222212001002001
178 F 0
20000011001202002110200110201222211220100200000212222211222201122202212001000020021102002200212200202211001102112020122210122000102200211021020111021220010022222220211121021202122120020221102101102002
179 F 0
20000001101102002101200101011222201121100200001211221022222101022212222102001010011002002201222100212110000012112010022202210000102202211021012020121222011011221120210010110202210120220221222001002101
180 F 0
20000000202102001111200200111212211221200200001210210022222001121202202102001010011002001202222200202000001012221020122102102000112101112022011020121211001021222120220111122202210120220222222000102100
181 G 0
10121020002212121121101200110121101111002021221121211200220111020211012212212111110211211120200001102201121122210211212101122120010111022202210000102102211021022110000101201201120111222222121111202100
182 G 0
00121020002211022021100210020111100010000111120211212221220002011111111222211202112112212111210011210202121210210222012021201120111110012212120110002211210120112220020011201200010221211211111212202001
183 G 0
20020110002212021021000121000110110001102022020212211211121102110012112200222022002222110020100010001212121122211022211010201120020120022102020112102120220122022120111101102201111220021122111012202110
184 G 0
10020120002212021020201211000120101210002022220122201110121211120202021212221222111202111120100101101201122221210111202011101110020020022202220200102201211020022120111001201201100221222221111102202100
185 G 0
00112120011201011111201211000220010120001121120011222211020011120001020222222021002211211111101001011210121120210122022001212120011210122001210201111011210021012100200010100200011111222212011120202112
186 G 0
10011110112212021100101211000220010121000212020012211201111101110101120222212011112221200121102000111220011120210022221110202120010110122101210212101111210022022000100011001201011212222112101011202102
187 G 0
10122220102222021110001221210210200210002120120212101210220112121202011222212102210100222020101121100202121221210102222001202110020120012202210001102112221121022220001011200201100210011222120221202211
188 G 0
00022220102222022120201211020210110110000121020212100221120100020202111222211211122102202020200020211201021121220222222000122020110220002212010010212201220121012220010001212200110220211211110012202102
189 G 0
00020210002101022020001221020121010210000011220012221211120101211012120212210002112211211211101011101202021211210121022011111120011210022202000201012112211021012220110012201201211211221222100121202101
190 G 0
10021120102222122010101121100111200220002021210211202110120111111202012222212111110211221120100211210201121221200101212011101110020120022202220101202101211021012210001010200201200221121221211212202210
191 G 0
00001120002201021100200120010222110110001222120012201201221011210011222111220122201121100011200000120202121120211012212100201120011221022202110211102101210121022210110112102201111111120022111112202111
192 G 0
00020220102122022012201111010111100120002121110202202221120100121100002222201212122100220020201022211202122120210121122002121110200221022212110100201212210221012210020000211200200210211201120111202200
193 G 0
10122220202222022010102120200200200210002020210201102210120012122202022222212201110110221020100212110202121222200101212001102100020020012202220100102211210022012220001021200202200210022221120211202211
194 G 0
10120120002212121000101111000220110020002122020112201211120101010002112212211101021212221110201011122201120120210111221011100010020110212201220002102001210122022000201010212202110112121111211221202110
195 G 0
11121120102222022021101210010201200020001020210111212221020011120111111121202211112010220010200112112202121220210221112001210110111210022212100111202211210121012210010000200201100211222111120112202211
196 G 0
10111020012201021011201211000220000110001022120020211210121111020102010211221120001101211021001001011210021121210022122001112220020120022102220101112002221022012110200001101201020021222212011021202111
197 G 0
11121210002212022020000222010221010120000011220111221211020112121102110122211102212112201100100101001202021220210111012110212020012100022202000201102211220122022220000021101201120102222112210021202212
198 G 0
10121010001122122000001110100100200120001120100112202111120001020100002222211212221111212120201011110202221120210110222011112010020221022202120212202012200021012210000021212200210210111221200101201200
199 G 0
00021120102122022111201101010221110110001020200102202212121201121001011222201212122010211110201022202212222021220221222002222120111222022211100200102112210121012210010001211200200200210202010212202201
200 G 0
10021110102121122120101112020221101020001121220012212101121101121111021102202212222110212200101012111201121121210121122011122010021211022201000201012111210121002210000012201200110111020221001112212211
201 G 0
10122120002221122020100111010221000111000221120211202210120001220101011222212122111122210020110020112201121220220121122002111021010220002212110011002112220022012220020002212200120121121122211012202000
202 G 0
00011110002101012121101210010121000220000011220012222201120112211002120222211011112220211212100011101201120121200122022002101220011220122101100201102022220021022210210011100200120102221222110020202002
203 G 0
00121120001222122120101200110220201121002121120111211211220012020200102212202201111100212110201011101200120122200211212001222120110121012202100000202102222122022210000002202201210120222212011111202100
204 G 0
11021120112111022020001121010120100120002011220211212211120011102112111211221111121222212210101101201200021120210112212011201110021110012202110201202002212020002210101021201202201220221111220121202220
205 G 0
10021120002212022020201121010222020011000121011111222211220102120101121112212111212212211020100010120212220121210121211110211220021220122201100212102120220022012200010010112201110020022222120012202101
206 G 0
01010120122110022120101220020120000110001010121112221112120012111022120201221002212221112200101002101201021020220022112000210020012200012202000200212001201011002220100012201202111221221102210121202220
207 G 0
00021120012001022020000210020120010200001010220002220201221101111012120212220012112221202100001012102202021120220022012000220120021210012202010200122001210021012210110012201202202211220212200221202111
208 G 0
00221110101121021011000110010211101110002120210112202211120001120211011222221112121211211120201012010202120221210011222010111000020221012202210102102022210122012200000010211201210101111121200200201210
209 G 0
11021020202222122010101010000200200120001022220111201111120022000212110221201201211120211211201112101202120210210111112010102120022110022202000202102111211122022220010011211201210202121201211112202221
210 G 0
10020020012101021021000211010010010101002011120102221202221202101012111211221022102221111010001001001202122021220022101010211020021210012202020201112110220021022220111012202201102210120212111111202120
211 H 0
01112102211202021202201110200020112112221201021212002102121221122120221011111011021220000122110121220222222020201210201000120010010220000020200120022101120101101110010001112211212201220201022022212211
212 H 0
10212002102001120012102100100021200002222210020221021012011020212010220020101112022221100122210020110220222220200220122100020010100022000111010120122101111011001210100000112210102110220220012112200202
213 H 0
02211002112002221102010101210020101202222221020211021121111121112020222120101022120222210222220020210221222110200221112000120120100020000012100220022121122121012220120000111221112210120221012222211211
214 H 0
12202102202102120202200100201010001202122212021212021012112222222121222020020002121211000022220021212222222020101021112000021020000220000101200220122021212101000110110111111200122200220201012122210200
215 H 0
02201002222022020202000100211020000002222212020202012112022222112121121110111111122220100022120012211221222120100221022200120020011121000000210121122120222011210220100001001200222200120212012222201200
216 H 0
02201001202002021202200001211020012212221221021201110001021221212101221100011002121210100022120011212221221010101220121100220110001120000001200220222112211012011120201011011210212212020212022122211200
217 H 0
02210102222102120102200100202020212102222211020222021022112221122020222012121102221222100122220021111221222020101122212000021010020220000010200220222002222202011220010100022201212211220211002122200211
218 H 0
12212001112002022002111210200020001102121211010202022002021120022211222020011112121221000122221121210222222020200221221000020010010221001101200221122012201022012100020000210220102011220221012122201201
219 H 0
02202002102011120012201101200021100012222221021201020112120120222110220010121122021221000122220010110221222120201212221000020110010121000101210120022011122011001110000000011221212221220221012012200202
220 H 0
00202001211002020002100102220020121112222210020211021102011121102121221010110012021210100022221021211211220110101111202100020210100021000101200120022011220022202110201010001220212211120222012212211200
221 H 0
11211001202002120102201001101020111102222210020211020002020120212110220010011102121220200122210020201221222110101220022200120110000121000102100220222201212011002120201011121210212111120211022022201201
222 H 0
11212002112011120022201101200021100102122210021212021102020120122100220020011112122221100122211011110221222220201221121100020010010121000011110120122112111010002110100010111211202221220220012112200201
223 H 0
01211002212002221102100100211020122212222211020211021012021121022110222121021012121211200122221120110221221110100122222000021120010120000000200120222112221112001120010100012201212221120211012222210201
224 H 0
01112102211102021102110110201020202202222201021222011002022221122120222111110101021220000222210220220222222120100200201000020020010211000020200220122011111202001110100001221210202202220110022022212221
225 H 0
01211002202002120212110100110020102002222220010202021201022121112120121010101110020211100122220010100221222020100221222000120120001210000001200121122012212000101210100010012210212210220212012122202201
226 H 0
02211102112002121212200100212020211112222201020212021002022121022010222111122011221211100122120111201221221010000112222000020210020121000001200020222002221101000220000000022200222211120222012222200202
227 H 0
01220002222012221202100200210020011112222211010212021001022222112010222021122011122200100022121020211222222020200222122000020020000020000000200121222111222001101220110111012201202211220201022222201201
228 H 0
12201002222102121002210101201020201202221210020212021012122221122011122021021202122221200022220022211222222020201122112000121020010220000011200221222002122112012120110100111201212201220202002222210201
229 H 0
21212002212002120112000001210020102102222211021202021002012221022110121020011122110220200022220121111221221010200121211000121010100221000112200222022111211012100021110000102211222201220211012222210200
230 H 0
01212102112002120221200001221010101002122211020202010101021221112020222200221011121221000222110111212222221020100111222000020110011111000001200120122012221010000110100001112201212202220211012222201201
231 H 0
02202101202001120102100000100020101102122211021202021111012221112110220210110111220220000122220011212222221120000121022200120120010120000201200122122122222012101120100110002200212202120221022222201201
232 H 0
12112002102102121002111111210010102101022212010222020101122222122200221211110011111221000122220122112221222010000110200100021110010112001100202220022120212002110011200011110200212201220211022222211210
233 H 0
00212001212002021102110001210020211112222211020212021102011121112112120110121112122210100022221021210220221020101021212000120120000120000002200220022012220022211110111000011221212101120222002122220200
234 H 0
02211002202012020202111200111020102002221221010202020102022222112121121020102121021211000122120020212222222020200220222000120220000000001000200122222011222010111210100111002200212200120212012122202201
235 H 0
01201001202002120002101201210020112102222220020200021212121022212021221000000022021211000122221020200212221120101111212000020220000022000101200120122020111022201210101010001221222221220221012222211201
236 H 0
12202002212002120212100001110020202102222210020202021012022221122210221110101111110220100122220122222221221110100021112100221120010221000102200222122211221012000020200000002200222201120221022222201201
237 H 0
12212001112002121212210002210020101102222211020202020012111222022121222010120122121221000122220021200221221120200221122000120110010120000012110220122011121022002120120000120210222110220211012122210201
238 H 0
01111202212102121102210210200021022102221211021202012002022211222121222110111021121221100022110121220222222020200211112000220020020220000120201120022001221210102100020100121221202202120212012122212210
239 H 0
01202001202002021202100011212020102202222211021211110001021221122211222011120002021210100122120120221222221120001210211000120120010210000011200220222012201112002110201012120200212212120121022122222211
240 H 0
11201002212001120002001100210020100102222221020211020021111121222010220010200112021221100222210020200220221220200220122000020120100021000001010120022111121011102220000000112200112110220221012112210202
241 I 0
11120121121002121121211011200210102012210201111110202111011221211122012112211121112020100101120200212112220201122020111000222221020200112012022112122111110022211110011000122200210212221122101212011020
242 I 0
21020220222001002211201022101111102111100201120111010021011102111121110220221111211021100201210200002202220122022010101100210201020100222210012012111112200111211201011000022201210010210011010101021122
243 I 0
10010020112101211110212012200011012110100011101021211011010102102220212121220102210020210201210200102201221111122120200001120110000122222112000021202101002220100101012000122201210110210112121020121122
244 I 0
00100220102211111121211112111011002111210101121001211122110111201220111022211021020222101200111221212111020120021000010000111121000221212112011111122120111211111111012001112201200211211111221020112121
245 I 0
12220010112002122201202011100010102020100011010020200222020102220221120220222222111020100200120200102202220222222020202000210110020001222120022022022002200012200110012000102201200210210022002221022221
246 I 0
21102111021012110211202010100110221021101202011012210120101210112220212011211002021211100011220211112222121021122111100000220100021101011021021120102100101002110201222000221111220200111110111111111121
247 I 0
00110211212201011121211112210100102121120112211010111121111120211121101121210122121121110111121212112022120110022011001001212210010220122022022211212111120222111112111001111200210101112020120110002121
248 I 0
01110211122112210010212011100121102011200111112010211012002121211212012111212110211021100100110201222212221212122010011000221212020111012002021122012102110111112110011010012200100111221111110211012110
249 I 0
10011020102102201110201012200010001010100110101011210110010001102210102120210111210021201201111200202100120111122220200011110100110121222122000021112201102220101202012000122201210120220202122121120022
250 I 0
22020221212001002212202022200101102010200100020110101012020202020122110220222221201021000200210200102202220222122021110100210210020001112110022002122112200012200200112000012201200110210022101212022121
251 I 0
01211200211201012220111122120100002112011001221111112021020121221110200222110121222222010111021212102112221210122002002112212210010110121121122211212101211212011122110011121201220100112110111121012211
252 I 0
12221111012012121210201011210021212020100002010020200111020012110120110220221122210021001201120210102202220121121020201000220120010001222020012012022011100022201100012000002201201221220022102221012121
253 I 0
11111210002112110122222011200021102011200112111000110022000021111110111121222102220011111100121201202100122111222011021101211201001101212020120112112202120012101111111012200200200110100121001220221121
254 I 0
02202201121111121221120122110011112121000102121111201022020011111120200221110022221122111111120221102112220211021011101111202210010011012220112102122010110122101221011010112200210201221111011220012121
255 I 0
20002120102012210221210022201011212221200102110011111101000121111210011120220012110120102101120210202201120211122110111010111220020110212112110001122211211110210200102000112201210120220011112211222022
256 I 0
10002110112102200210201001200020110020100101100011210120000000202220202120221101110120101201121210202210221121022121200001120100011111222021010021102200111121212202112000222210210210210211122110220021
257 I 0
20011201102111100022221012101212002101100101111100022012010121101222221120211110121121001211110201221101220111121011110111210102020210202101110110022111121101100210211001022202121111110111001221221121
258 I 0
00111221102001221211200112000101202111200102101012202211011111102222111121210111201110101100120110212102221211121020101100111210010001012011001111112122110022211200211001102200010122222012101110012020
259 I 0
11001212012112110112211122200011211111201111000011120122010111110111101020212002220121111010000200202211221122221012010100222201000111112012020122112110210102100100212010102200100211110011111021221022
260 I 0
10112210202200011122211121101201102111200102212000012112000210211222212221211121122112002110110200121012221101121021011010201201020120202101121220122211020111211211211001111201021111121110110211111021
261 I 0
10001121102021211220200022101001202110200002011011201200010011001210121110210011110121001200120220102201120212121010211110000220020001222001110002122111211011200200012000102200110121221022122110122021
262 I 0
20000110212111101110112012201010012211100012011012120111000112202221211121221102210020110201220200102201210021022120210000210201010212212111000012202202101210010201111000112201201110210211020020110121
263 I 0
00211120211101122121210111100200102111210202102001102111011210212211102121200222112111111001010101121012221211122020102100212210020110112012012221222111010122121201111001111200120212122111210211002021
264 I 0
01111211221101012121112012210210011011011101220111100011011101212110211222211112121120110210121211102201220201112011101111220100010100101210101112202101112111210111222001121202011101110010011120021112
265 I 0
20111210111211001212111112100122111111100111020010111101001012221221212121221122210120210101210201201212121110022011110000100111021201202111111012112212200002221200111000121212210121210110010221222021
266 I 0
10011110112102111212211011000021211010100111011001210121011012112210122222210122120021100101210210102211121121121010210000200101021101222121020122102101202120202210112000112201200112110112101120202120
267 I 0
02111211022011211221211022110022212120100112011010200111020012011121211220211022221021101201220210002202221111021020110100211220010001112120011012122010101021211210022000112200201212220022102120012021
268 I 0
11111120201001012212201011200200102111200101111110102012011211111211201220211221202012000100120200212102220222122020211000211210020001012121022111122121110022211200222000012201110121121011200202012022
269 I 0
01100211012011211211200022100012212110200002011021211101020102001211220110211011211121000200220210102201221101020020110100111210010002112110011012112111200022201200112000102200100122221022012110021021
270 I 0
01011201112121100111221011101021202101200121112011111022112022111202101221212101110021101110100202111202222122022111001000211201010111112102021111112001110201101100112011112200101020111000110220111211
271 J 0
20011201001011101221221021012220112120100001010011110020011102010210012122222012122122221100220210122211220011221020000011100221021000012022001001212211110012111211112000000101000112220012100111022020
272 J 0
20002111101102101212102121001221210111111101001100201120000110110220112211222102021220002011122112112102022121012011010000211100020220112011111021212212210112220201202000011100220111112100200211210122
273 J 0
20000200202102100221202011101110221120100102001100210011000101122222112122211200121122100001111222001111221221022020000000211111010210012001011001122202100111111200121000222210110001111201121220211221
274 J 0
20002102211101211211101012010120210010120002000211212110000101211221202111211011110110101122111121112101121012012012111011211211011120111100102111212122110012211211211000012101211111212100210211211011
275 J 0
20111210101202112220212221101111122120120101002010201000211100000211022201212112021121222210111222122111221121222020110000112120012220122021100111212000210222220111222001121200110122100001110120120120
276 J 0
01000211101012100221212012011021202110100001020011120011010212000220021211220001221021100100210200112202211112220020211001212220020002102112001002202212110012110000012000001201000101220022101222112121
277 J 0
10001211001201110221101022111111110120102001002111110220000012211221212222211112220112111010220210102211121121122020200000010220012020022020100100102201211222110101122000211200210111111012111110112121
278 J 0
20001201111102110222201111221201110111201001102101121120010210210221101221121212020221101100220212002211122111122021110000020220021122022021100021102201011222210100122100111110120011100021210210211221
279 J 0
20001111121102010221212101211121001210210002201121220021010001210220202211212201111121201111101110102111221210122220210000121221020122222012012010212101002200211100111010112200111122210022020020122021
280 J 0
20001200202002100221202011010111121220200102000010220021010102022222012222202111221122100010221212001210221221122020110000222201011210012001022010012211100021020200222000112200020011112201120220211120
281 J 0
21001211112112100222201101121111211021101101002101120210010121210222211211121112020221101110220201012212122101122020121000120220011121012012101111002102100112200200122000120210220101201112211210111222
282 J 0
11001121120102011120200221202200102120000102112012111020121200112211112121211112111012211101200222101111221111222110021100122210021110112012112100222111100001211012222000110001010012211200210120121121
283 J 0
11012211102202121221202021021211111121210001011111211000110101210221122211222101021222111100220212112222120221022020101000121221021220012012101002222111100122111211222000102101110021111100220220211020
284 J 0
21202222011101112221210111011210101120100111022120200001021111001221101110122221011111101110221222102011220210222010210000022211021220122112012102122011110012111212221001210100200111100001100220111220
285 J 0
20012211000102220222202122210202100211111000101011221110000101221221111221121112120122211010211211002211121122122021211001011221021111122020100110202211121122210000122100102110120021111011121120212221
286 J 0
20002101212002111211222010110021001200110002100111221011110001110211102221212201121122201010110110102101221220022120120000111221020121122021111021112202011211111100221010112200121022211121121020222022
287 J 0
20002200111002010221201022101221111220210001001021220121011102121222102222201220221222100010121212102221121121122020100000122210021200122011012110112212100122120100222100202110120010111201020120221220
288 J 0
20001211111002110211111021101010100210200102000111211120100001121222102221222100220122112020120211202122122020111020210000211220021210222020100110002201201222011100012000211000210121201202121020211221
289 J 0
10002211101201200211001022211001100120101002001000210120010112111220222222211002220022111020220221202211120121022020200000120210011120112011011101202200200212101201122000112100100121222101021121111021
290 J 0
20001201001102200211202011000110210120102000011101110120000121110221122212222002120221102010221121002212021222012011110000110110021120022012220110102212210222210201102000100200210010212001210201211121
291 J 0
21112221101202112221211121011111112020210101012011201000111201101221012110221211020121212110120111211112220221122020111000122220021220122022101112112010210122220211211001111200210021101001210120111120
292 J 0
20121211010012102221211011111121101121220202011011200021120122000111001222121201112021110100200211212111220100122020211110110221020100002021002102222212200012211110000000001202100212212011110221012021
293 J 0
10002202001100010222012021021211010120211011012101200120010102101221212221210011120112111101220211101211120120221020200010011220011121022021100001102201200122100202112000111200110112121002001110112020
294 J 0
10001200102102100222111012111210110120100012011000100120010011112212112222212100122122110110110212002122221111122010110011210110020221012000001001212202210112111101212000111211220111111102011220121120
295 J 0
10002211201102111211102021110102110221200001011110220010010102121221111122211111121122100010220212102211121221112010211000221211021210102001011111112211100112011200122000112101110011121100120221221020
296 J 0
20001202101102100210202011000001110220001001011010210020000121221221222222221001120111201010120222002111122221012011210000220121021120022021110111112211210212111101111000211200210021211010110111212122
297 J 0
21001112011102101222212111012000011220110201012110201100010111111222102111202202111222002221220222112210221112222010021000220221021200012022001022112111010112100110222001021010210212201012111210010220
298 J 0
10011210101201001220111121212212211120111001002011210110100011111220112211222212121121222120221211212211221222122020200000001220012120022020200110212100201222110211122001120200210212111001101110111221
299 J 0
20102101221101121100110002110011120111010002001222121010100112201211101122210111111011111221001220211201211011011012112012211211001120100210001211122021101012202221220000022001212001111111221111222010
300 J 0
10102212110101102222220111111211000221111212021121200011011111111221201120122112111011111120111221012020220110111011200110021111022210012111021112222001120012112211220002110000110211001001100221111220
